Current Device: cuda
13, 13, 13, 13***********************************************************************************************************************


19, 19, 19, 19***********************************************************************************************************************


6, 6, 6, 6***********************************************************************************************************************


12, 12, 12, 12***********************************************************************************************************************


12, 12, 12, 12***********************************************************************************************************************


22, 22, 22, 22***********************************************************************************************************************


16, 16, 16, 16***********************************************************************************************************************


1, 0, 0, 0***********************************************************************************************************************


21, 21, 21, 21***********************************************************************************************************************


9, 9, 9, 9***********************************************************************************************************************


9, 9, 9, 9***********************************************************************************************************************


9, 9, 9, 9***********************************************************************************************************************


9, 9, 9, 9***********************************************************************************************************************


11, 11, 11, 11***********************************************************************************************************************


16, 16, 16, 16***********************************************************************************************************************


10, 10, 10, 10***********************************************************************************************************************


6, 6, 6, 6***********************************************************************************************************************


1, 0, 0, 0***********************************************************************************************************************


14, 14, 14, 14***********************************************************************************************************************


5, 5, 5, 5***********************************************************************************************************************


5, 5, 5, 5***********************************************************************************************************************


12, 12, 12, 12***********************************************************************************************************************


5, 5, 5, 5***********************************************************************************************************************


11, 11, 11, 11***********************************************************************************************************************


2, 2, 2, 2***********************************************************************************************************************


2, 2, 2, 2***********************************************************************************************************************


2, 2, 2, 2***********************************************************************************************************************


2, 2, 2, 2***********************************************************************************************************************


28 26
