1111001000010010011000 0011001000010000011000
000100000000001000000 010000001000000000100
000000100111000000010 000000100111000000010
010000101001000000100 010100001000001000100
00100000010000 00100000010000
00100000010000 00100000010000
00100000010000 00100000010000
010000101001000000100 010100001000001000100
00001001110001000000001111 00111101110001010000001111
110100011000001010100 110100011110001010110
000000100111000000010 000000100111000000010
00001001110001000000001111 00111101110001010000001111
00100000010000 01011100100110
01101010 00000000
1111001000010010011000 0011001000010000011000
000100000000001000000 010000001000000000100
1111001101111111111001 0011001000010000011000
010000101001000000100 010100001000001000100
0101000000100 1101120001111
1111111110111110111111011 0110011011011111100001111
1111111110111110111111011 0110011011011111100001111
1111111110111110111111011 0110011011011111100001111
1111001000010010011000 0011001000010000011000
000100000000001000000 010000001000000000100
000000100111000000010 010000101001000000100
010000101001000000100 010100001000001000100
00100000010000 00100000010000
00100000010000 00100000010000
00100000010000 00100000010000
00100000010000 00100000010000
00100000010000 00100000010000
000000100111000000010 000000100111000000010
000000100111000000010 010000101001000000100
1111001000010010011000 0011001000010000011000
010000101001000000100 010100001000001000100
100110100010001100 011001001101110011
100110100010001100 011001001101110011
100110100010001100 011001001101110011
00001000 10001001
